
~~~~~~~~~~~~~~~~~~~~~~~~~~~~~~~~~~~~~~~~~~~~~~~~~~~~~~~~~~~~~~~~~~~~~~~~~~~~~~~~

dataset_size = 256.00 MB    numObjs = 2097152    numCoords = 16    numClusters = 16


|-------------Sequential Kmeans-------------|

t_alloc: 5.612850 ms

nloops = 10  : total = 3769.235849 ms
        -> t_loop_avg = 376.923585 ms
        -> t_loop_min = 368.040800 ms
        -> t_loop_max = 382.085085 ms

|-------------------------------------------|

Final cluster centers:
clusters[0] =   3.01   6.89   6.33   2.56   6.06   6.11   6.17   7.01   5.61   4.66   5.22   4.85   5.45   3.57   5.29   3.51
clusters[1] =   4.99   4.61   5.32   4.84   2.56   6.69   5.00   3.45   7.54   4.84   3.79   6.79   4.66   5.66   4.24   2.88
clusters[2] =   2.88   5.44   6.52   4.35   3.18   3.39   5.45   3.40   2.40   5.89   4.31   6.13   5.12   6.43   4.36   5.31
clusters[3] =   5.26   3.93   7.05   6.52   5.50   6.38   6.94   3.97   5.44   3.48   6.74   6.92   4.77   5.03   6.57   6.53
clusters[4] =   3.09   6.29   3.01   7.09   5.99   4.53   3.22   4.43   5.11   5.03   7.23   6.40   5.43   3.66   5.74   4.32
clusters[5] =   4.01   4.00   6.36   6.17   7.33   5.19   3.73   4.77   6.00   4.32   3.48   2.74   4.70   7.30   5.13   3.64
clusters[6] =   4.17   4.10   3.14   5.21   6.14   3.89   5.47   6.52   6.92   6.84   3.26   7.08   4.97   5.71   3.85   6.54
clusters[7] =   3.70   3.43   3.01   5.08   3.35   6.84   6.28   6.74   4.12   4.17   4.75   3.27   4.74   5.19   5.62   7.09
clusters[8] =   5.49   4.30   6.68   6.78   2.56   4.50   3.07   6.98   4.72   5.92   4.91   3.54   5.18   3.26   5.65   3.84
clusters[9] =   5.35   3.22   5.68   2.98   5.38   4.38   4.30   3.17   6.42   6.87   7.39   3.32   5.13   4.48   4.59   6.28
clusters[10] =   5.95   6.91   5.52   5.98   6.10   6.87   4.52   3.30   4.12   5.08   3.30   4.11   4.81   3.19   3.12   6.90
clusters[11] =   6.08   3.91   3.31   5.22   6.05   3.81   7.26   3.53   3.78   5.55   3.56   4.23   5.36   3.36   6.46   2.98
clusters[12] =   5.92   7.17   3.12   3.63   3.15   3.16   4.40   3.98   6.44   3.01   4.80   3.77   5.01   5.56   5.71   5.99
clusters[13] =   6.55   4.44   3.09   3.81   5.30   6.95   3.71   5.29   2.76   4.67   6.32   5.88   4.55   6.58   3.94   3.14
clusters[14] =   6.95   6.92   5.63   6.34   5.05   3.88   7.19   6.88   4.87   6.02   6.86   4.28   5.27   6.57   3.74   4.84
clusters[15] =   6.81   4.33   6.34   3.51   6.37   3.38   3.16   6.62   3.93   3.55   4.00   6.86   4.83   4.47   6.05   6.29

~~~~~~~~~~~~~~~~~~~~~~~~~~~~~~~~~~~~~~~~~~~~~~~~~~~~~~~~~~~~~~~~~~~~~~~~~~~~~~~~

dataset_size = 256.00 MB    numObjs = 2097152    numCoords = 16    numClusters = 16, block_size = 32


|-------------Naive GPU Kmeans--------------|

t_alloc: 5.632162 ms

t_alloc_gpu: 235.269070 ms

t_get_gpu: 62.840939 ms

GPU Time: 317.280293
CPU - GPU Transfers: 20.661116
CPU Time: 232.850552
nloops = 10  : total = 570.793867 ms
        -> t_loop_avg = 57.079387 ms
        -> t_loop_min = 53.843975 ms
        -> t_loop_max = 60.542822 ms

|-------------------------------------------|

Final cluster centers:
clusters[0] =   3.01   6.89   6.33   2.56   6.06   6.11   6.17   7.01   5.61   4.66   5.22   4.85   5.45   3.57   5.29   3.51
clusters[1] =   4.99   4.61   5.32   4.84   2.56   6.69   5.00   3.45   7.54   4.84   3.79   6.79   4.66   5.66   4.24   2.88
clusters[2] =   2.88   5.44   6.52   4.35   3.18   3.39   5.45   3.40   2.40   5.89   4.31   6.13   5.12   6.43   4.36   5.31
clusters[3] =   5.26   3.93   7.05   6.52   5.50   6.38   6.94   3.97   5.44   3.48   6.74   6.92   4.77   5.03   6.57   6.53
clusters[4] =   3.09   6.29   3.01   7.09   5.99   4.53   3.22   4.43   5.11   5.03   7.23   6.40   5.43   3.66   5.74   4.32
clusters[5] =   4.01   4.00   6.36   6.17   7.33   5.19   3.73   4.77   6.00   4.32   3.48   2.74   4.70   7.30   5.13   3.64
clusters[6] =   4.17   4.10   3.14   5.21   6.14   3.89   5.47   6.52   6.92   6.84   3.26   7.08   4.97   5.71   3.85   6.54
clusters[7] =   3.70   3.43   3.01   5.08   3.35   6.84   6.28   6.74   4.12   4.17   4.75   3.27   4.74   5.19   5.62   7.09
clusters[8] =   5.49   4.30   6.68   6.78   2.56   4.50   3.07   6.98   4.72   5.92   4.91   3.54   5.18   3.26   5.65   3.84
clusters[9] =   5.35   3.22   5.68   2.98   5.38   4.38   4.30   3.17   6.42   6.87   7.39   3.32   5.13   4.48   4.59   6.28
clusters[10] =   5.95   6.91   5.52   5.98   6.10   6.87   4.52   3.30   4.12   5.08   3.30   4.11   4.81   3.19   3.12   6.90
clusters[11] =   6.08   3.91   3.31   5.22   6.05   3.81   7.26   3.53   3.78   5.55   3.56   4.23   5.36   3.36   6.46   2.98
clusters[12] =   5.92   7.17   3.12   3.63   3.15   3.16   4.40   3.98   6.44   3.01   4.80   3.77   5.01   5.56   5.71   5.99
clusters[13] =   6.55   4.44   3.09   3.81   5.30   6.95   3.71   5.29   2.76   4.67   6.32   5.88   4.55   6.58   3.94   3.14
clusters[14] =   6.95   6.92   5.63   6.34   5.05   3.88   7.19   6.88   4.87   6.02   6.86   4.28   5.27   6.57   3.74   4.84
clusters[15] =   6.81   4.33   6.34   3.51   6.37   3.38   3.16   6.62   3.93   3.55   4.00   6.86   4.83   4.47   6.05   6.29

~~~~~~~~~~~~~~~~~~~~~~~~~~~~~~~~~~~~~~~~~~~~~~~~~~~~~~~~~~~~~~~~~~~~~~~~~~~~~~~~

dataset_size = 256.00 MB    numObjs = 2097152    numCoords = 16    numClusters = 16, block_size = 64


|-------------Naive GPU Kmeans--------------|

t_alloc: 5.592823 ms

t_alloc_gpu: 129.456997 ms

t_get_gpu: 61.869144 ms

GPU Time: 455.537796
CPU - GPU Transfers: 20.739555
CPU Time: 232.074738
nloops = 10  : total = 708.352089 ms
        -> t_loop_avg = 70.835209 ms
        -> t_loop_min = 67.960024 ms
        -> t_loop_max = 73.780060 ms

|-------------------------------------------|

Final cluster centers:
clusters[0] =   3.01   6.89   6.33   2.56   6.06   6.11   6.17   7.01   5.61   4.66   5.22   4.85   5.45   3.57   5.29   3.51
clusters[1] =   4.99   4.61   5.32   4.84   2.56   6.69   5.00   3.45   7.54   4.84   3.79   6.79   4.66   5.66   4.24   2.88
clusters[2] =   2.88   5.44   6.52   4.35   3.18   3.39   5.45   3.40   2.40   5.89   4.31   6.13   5.12   6.43   4.36   5.31
clusters[3] =   5.26   3.93   7.05   6.52   5.50   6.38   6.94   3.97   5.44   3.48   6.74   6.92   4.77   5.03   6.57   6.53
clusters[4] =   3.09   6.29   3.01   7.09   5.99   4.53   3.22   4.43   5.11   5.03   7.23   6.40   5.43   3.66   5.74   4.32
clusters[5] =   4.01   4.00   6.36   6.17   7.33   5.19   3.73   4.77   6.00   4.32   3.48   2.74   4.70   7.30   5.13   3.64
clusters[6] =   4.17   4.10   3.14   5.21   6.14   3.89   5.47   6.52   6.92   6.84   3.26   7.08   4.97   5.71   3.85   6.54
clusters[7] =   3.70   3.43   3.01   5.08   3.35   6.84   6.28   6.74   4.12   4.17   4.75   3.27   4.74   5.19   5.62   7.09
clusters[8] =   5.49   4.30   6.68   6.78   2.56   4.50   3.07   6.98   4.72   5.92   4.91   3.54   5.18   3.26   5.65   3.84
clusters[9] =   5.35   3.22   5.68   2.98   5.38   4.38   4.30   3.17   6.42   6.87   7.39   3.32   5.13   4.48   4.59   6.28
clusters[10] =   5.95   6.91   5.52   5.98   6.10   6.87   4.52   3.30   4.12   5.08   3.30   4.11   4.81   3.19   3.12   6.90
clusters[11] =   6.08   3.91   3.31   5.22   6.05   3.81   7.26   3.53   3.78   5.55   3.56   4.23   5.36   3.36   6.46   2.98
clusters[12] =   5.92   7.17   3.12   3.63   3.15   3.16   4.40   3.98   6.44   3.01   4.80   3.77   5.01   5.56   5.71   5.99
clusters[13] =   6.55   4.44   3.09   3.81   5.30   6.95   3.71   5.29   2.76   4.67   6.32   5.88   4.55   6.58   3.94   3.14
clusters[14] =   6.95   6.92   5.63   6.34   5.05   3.88   7.19   6.88   4.87   6.02   6.86   4.28   5.27   6.57   3.74   4.84
clusters[15] =   6.81   4.33   6.34   3.51   6.37   3.38   3.16   6.62   3.93   3.55   4.00   6.86   4.83   4.47   6.05   6.29

~~~~~~~~~~~~~~~~~~~~~~~~~~~~~~~~~~~~~~~~~~~~~~~~~~~~~~~~~~~~~~~~~~~~~~~~~~~~~~~~

dataset_size = 256.00 MB    numObjs = 2097152    numCoords = 16    numClusters = 16, block_size = 128


|-------------Naive GPU Kmeans--------------|

t_alloc: 5.620956 ms

t_alloc_gpu: 131.540060 ms

t_get_gpu: 61.764002 ms

GPU Time: 457.540035
CPU - GPU Transfers: 20.643473
CPU Time: 233.541727
nloops = 10  : total = 711.727142 ms
        -> t_loop_avg = 71.172714 ms
        -> t_loop_min = 69.410086 ms
        -> t_loop_max = 73.191881 ms

|-------------------------------------------|

Final cluster centers:
clusters[0] =   3.01   6.89   6.33   2.56   6.06   6.11   6.17   7.01   5.61   4.66   5.22   4.85   5.45   3.57   5.29   3.51
clusters[1] =   4.99   4.61   5.32   4.84   2.56   6.69   5.00   3.45   7.54   4.84   3.79   6.79   4.66   5.66   4.24   2.88
clusters[2] =   2.88   5.44   6.52   4.35   3.18   3.39   5.45   3.40   2.40   5.89   4.31   6.13   5.12   6.43   4.36   5.31
clusters[3] =   5.26   3.93   7.05   6.52   5.50   6.38   6.94   3.97   5.44   3.48   6.74   6.92   4.77   5.03   6.57   6.53
clusters[4] =   3.09   6.29   3.01   7.09   5.99   4.53   3.22   4.43   5.11   5.03   7.23   6.40   5.43   3.66   5.74   4.32
clusters[5] =   4.01   4.00   6.36   6.17   7.33   5.19   3.73   4.77   6.00   4.32   3.48   2.74   4.70   7.30   5.13   3.64
clusters[6] =   4.17   4.10   3.14   5.21   6.14   3.89   5.47   6.52   6.92   6.84   3.26   7.08   4.97   5.71   3.85   6.54
clusters[7] =   3.70   3.43   3.01   5.08   3.35   6.84   6.28   6.74   4.12   4.17   4.75   3.27   4.74   5.19   5.62   7.09
clusters[8] =   5.49   4.30   6.68   6.78   2.56   4.50   3.07   6.98   4.72   5.92   4.91   3.54   5.18   3.26   5.65   3.84
clusters[9] =   5.35   3.22   5.68   2.98   5.38   4.38   4.30   3.17   6.42   6.87   7.39   3.32   5.13   4.48   4.59   6.28
clusters[10] =   5.95   6.91   5.52   5.98   6.10   6.87   4.52   3.30   4.12   5.08   3.30   4.11   4.81   3.19   3.12   6.90
clusters[11] =   6.08   3.91   3.31   5.22   6.05   3.81   7.26   3.53   3.78   5.55   3.56   4.23   5.36   3.36   6.46   2.98
clusters[12] =   5.92   7.17   3.12   3.63   3.15   3.16   4.40   3.98   6.44   3.01   4.80   3.77   5.01   5.56   5.71   5.99
clusters[13] =   6.55   4.44   3.09   3.81   5.30   6.95   3.71   5.29   2.76   4.67   6.32   5.88   4.55   6.58   3.94   3.14
clusters[14] =   6.95   6.92   5.63   6.34   5.05   3.88   7.19   6.88   4.87   6.02   6.86   4.28   5.27   6.57   3.74   4.84
clusters[15] =   6.81   4.33   6.34   3.51   6.37   3.38   3.16   6.62   3.93   3.55   4.00   6.86   4.83   4.47   6.05   6.29

~~~~~~~~~~~~~~~~~~~~~~~~~~~~~~~~~~~~~~~~~~~~~~~~~~~~~~~~~~~~~~~~~~~~~~~~~~~~~~~~

dataset_size = 256.00 MB    numObjs = 2097152    numCoords = 16    numClusters = 16, block_size = 256


|-------------Naive GPU Kmeans--------------|

t_alloc: 5.598068 ms

t_alloc_gpu: 131.707191 ms

t_get_gpu: 61.841965 ms

GPU Time: 504.071236
CPU - GPU Transfers: 20.709038
CPU Time: 230.155945
nloops = 10  : total = 754.938126 ms
        -> t_loop_avg = 75.493813 ms
        -> t_loop_min = 73.986769 ms
        -> t_loop_max = 79.481125 ms

|-------------------------------------------|

Final cluster centers:
clusters[0] =   3.01   6.89   6.33   2.56   6.06   6.11   6.17   7.01   5.61   4.66   5.22   4.85   5.45   3.57   5.29   3.51
clusters[1] =   4.99   4.61   5.32   4.84   2.56   6.69   5.00   3.45   7.54   4.84   3.79   6.79   4.66   5.66   4.24   2.88
clusters[2] =   2.88   5.44   6.52   4.35   3.18   3.39   5.45   3.40   2.40   5.89   4.31   6.13   5.12   6.43   4.36   5.31
clusters[3] =   5.26   3.93   7.05   6.52   5.50   6.38   6.94   3.97   5.44   3.48   6.74   6.92   4.77   5.03   6.57   6.53
clusters[4] =   3.09   6.29   3.01   7.09   5.99   4.53   3.22   4.43   5.11   5.03   7.23   6.40   5.43   3.66   5.74   4.32
clusters[5] =   4.01   4.00   6.36   6.17   7.33   5.19   3.73   4.77   6.00   4.32   3.48   2.74   4.70   7.30   5.13   3.64
clusters[6] =   4.17   4.10   3.14   5.21   6.14   3.89   5.47   6.52   6.92   6.84   3.26   7.08   4.97   5.71   3.85   6.54
clusters[7] =   3.70   3.43   3.01   5.08   3.35   6.84   6.28   6.74   4.12   4.17   4.75   3.27   4.74   5.19   5.62   7.09
clusters[8] =   5.49   4.30   6.68   6.78   2.56   4.50   3.07   6.98   4.72   5.92   4.91   3.54   5.18   3.26   5.65   3.84
clusters[9] =   5.35   3.22   5.68   2.98   5.38   4.38   4.30   3.17   6.42   6.87   7.39   3.32   5.13   4.48   4.59   6.28
clusters[10] =   5.95   6.91   5.52   5.98   6.10   6.87   4.52   3.30   4.12   5.08   3.30   4.11   4.81   3.19   3.12   6.90
clusters[11] =   6.08   3.91   3.31   5.22   6.05   3.81   7.26   3.53   3.78   5.55   3.56   4.23   5.36   3.36   6.46   2.98
clusters[12] =   5.92   7.17   3.12   3.63   3.15   3.16   4.40   3.98   6.44   3.01   4.80   3.77   5.01   5.56   5.71   5.99
clusters[13] =   6.55   4.44   3.09   3.81   5.30   6.95   3.71   5.29   2.76   4.67   6.32   5.88   4.55   6.58   3.94   3.14
clusters[14] =   6.95   6.92   5.63   6.34   5.05   3.88   7.19   6.88   4.87   6.02   6.86   4.28   5.27   6.57   3.74   4.84
clusters[15] =   6.81   4.33   6.34   3.51   6.37   3.38   3.16   6.62   3.93   3.55   4.00   6.86   4.83   4.47   6.05   6.29

~~~~~~~~~~~~~~~~~~~~~~~~~~~~~~~~~~~~~~~~~~~~~~~~~~~~~~~~~~~~~~~~~~~~~~~~~~~~~~~~

dataset_size = 256.00 MB    numObjs = 2097152    numCoords = 16    numClusters = 16, block_size = 512


|-------------Naive GPU Kmeans--------------|

t_alloc: 5.635977 ms

t_alloc_gpu: 126.760006 ms

t_get_gpu: 61.828136 ms

GPU Time: 666.756392
CPU - GPU Transfers: 20.671606
CPU Time: 231.367111
nloops = 10  : total = 918.796062 ms
        -> t_loop_avg = 91.879606 ms
        -> t_loop_min = 87.641001 ms
        -> t_loop_max = 94.872952 ms

|-------------------------------------------|

Final cluster centers:
clusters[0] =   3.01   6.89   6.33   2.56   6.06   6.11   6.17   7.01   5.61   4.66   5.22   4.85   5.45   3.57   5.29   3.51
clusters[1] =   4.99   4.61   5.32   4.84   2.56   6.69   5.00   3.45   7.54   4.84   3.79   6.79   4.66   5.66   4.24   2.88
clusters[2] =   2.88   5.44   6.52   4.35   3.18   3.39   5.45   3.40   2.40   5.89   4.31   6.13   5.12   6.43   4.36   5.31
clusters[3] =   5.26   3.93   7.05   6.52   5.50   6.38   6.94   3.97   5.44   3.48   6.74   6.92   4.77   5.03   6.57   6.53
clusters[4] =   3.09   6.29   3.01   7.09   5.99   4.53   3.22   4.43   5.11   5.03   7.23   6.40   5.43   3.66   5.74   4.32
clusters[5] =   4.01   4.00   6.36   6.17   7.33   5.19   3.73   4.77   6.00   4.32   3.48   2.74   4.70   7.30   5.13   3.64
clusters[6] =   4.17   4.10   3.14   5.21   6.14   3.89   5.47   6.52   6.92   6.84   3.26   7.08   4.97   5.71   3.85   6.54
clusters[7] =   3.70   3.43   3.01   5.08   3.35   6.84   6.28   6.74   4.12   4.17   4.75   3.27   4.74   5.19   5.62   7.09
clusters[8] =   5.49   4.30   6.68   6.78   2.56   4.50   3.07   6.98   4.72   5.92   4.91   3.54   5.18   3.26   5.65   3.84
clusters[9] =   5.35   3.22   5.68   2.98   5.38   4.38   4.30   3.17   6.42   6.87   7.39   3.32   5.13   4.48   4.59   6.28
clusters[10] =   5.95   6.91   5.52   5.98   6.10   6.87   4.52   3.30   4.12   5.08   3.30   4.11   4.81   3.19   3.12   6.90
clusters[11] =   6.08   3.91   3.31   5.22   6.05   3.81   7.26   3.53   3.78   5.55   3.56   4.23   5.36   3.36   6.46   2.98
clusters[12] =   5.92   7.17   3.12   3.63   3.15   3.16   4.40   3.98   6.44   3.01   4.80   3.77   5.01   5.56   5.71   5.99
clusters[13] =   6.55   4.44   3.09   3.81   5.30   6.95   3.71   5.29   2.76   4.67   6.32   5.88   4.55   6.58   3.94   3.14
clusters[14] =   6.95   6.92   5.63   6.34   5.05   3.88   7.19   6.88   4.87   6.02   6.86   4.28   5.27   6.57   3.74   4.84
clusters[15] =   6.81   4.33   6.34   3.51   6.37   3.38   3.16   6.62   3.93   3.55   4.00   6.86   4.83   4.47   6.05   6.29

~~~~~~~~~~~~~~~~~~~~~~~~~~~~~~~~~~~~~~~~~~~~~~~~~~~~~~~~~~~~~~~~~~~~~~~~~~~~~~~~

dataset_size = 256.00 MB    numObjs = 2097152    numCoords = 16    numClusters = 16, block_size = 1024


|-------------Naive GPU Kmeans--------------|

t_alloc: 5.650043 ms

t_alloc_gpu: 148.813009 ms

t_get_gpu: 62.079906 ms

GPU Time: 759.209394
CPU - GPU Transfers: 23.833275
CPU Time: 312.465191
nloops = 10  : total = 1095.510006 ms
        -> t_loop_avg = 109.551001 ms
        -> t_loop_min = 97.058058 ms
        -> t_loop_max = 186.577082 ms

|-------------------------------------------|

Final cluster centers:
clusters[0] =   3.01   6.89   6.33   2.56   6.06   6.11   6.17   7.01   5.61   4.66   5.22   4.85   5.45   3.57   5.29   3.51
clusters[1] =   4.99   4.61   5.32   4.84   2.56   6.69   5.00   3.45   7.54   4.84   3.79   6.79   4.66   5.66   4.24   2.88
clusters[2] =   2.88   5.44   6.52   4.35   3.18   3.39   5.45   3.40   2.40   5.89   4.31   6.13   5.12   6.43   4.36   5.31
clusters[3] =   5.26   3.93   7.05   6.52   5.50   6.38   6.94   3.97   5.44   3.48   6.74   6.92   4.77   5.03   6.57   6.53
clusters[4] =   3.09   6.29   3.01   7.09   5.99   4.53   3.22   4.43   5.11   5.03   7.23   6.40   5.43   3.66   5.74   4.32
clusters[5] =   4.01   4.00   6.36   6.17   7.33   5.19   3.73   4.77   6.00   4.32   3.48   2.74   4.70   7.30   5.13   3.64
clusters[6] =   4.17   4.10   3.14   5.21   6.14   3.89   5.47   6.52   6.92   6.84   3.26   7.08   4.97   5.71   3.85   6.54
clusters[7] =   3.70   3.43   3.01   5.08   3.35   6.84   6.28   6.74   4.12   4.17   4.75   3.27   4.74   5.19   5.62   7.09
clusters[8] =   5.49   4.30   6.68   6.78   2.56   4.50   3.07   6.98   4.72   5.92   4.91   3.54   5.18   3.26   5.65   3.84
clusters[9] =   5.35   3.22   5.68   2.98   5.38   4.38   4.30   3.17   6.42   6.87   7.39   3.32   5.13   4.48   4.59   6.28
clusters[10] =   5.95   6.91   5.52   5.98   6.10   6.87   4.52   3.30   4.12   5.08   3.30   4.11   4.81   3.19   3.12   6.90
clusters[11] =   6.08   3.91   3.31   5.22   6.05   3.81   7.26   3.53   3.78   5.55   3.56   4.23   5.36   3.36   6.46   2.98
clusters[12] =   5.92   7.17   3.12   3.63   3.15   3.16   4.40   3.98   6.44   3.01   4.80   3.77   5.01   5.56   5.71   5.99
clusters[13] =   6.55   4.44   3.09   3.81   5.30   6.95   3.71   5.29   2.76   4.67   6.32   5.88   4.55   6.58   3.94   3.14
clusters[14] =   6.95   6.92   5.63   6.34   5.05   3.88   7.19   6.88   4.87   6.02   6.86   4.28   5.27   6.57   3.74   4.84
clusters[15] =   6.81   4.33   6.34   3.51   6.37   3.38   3.16   6.62   3.93   3.55   4.00   6.86   4.83   4.47   6.05   6.29

~~~~~~~~~~~~~~~~~~~~~~~~~~~~~~~~~~~~~~~~~~~~~~~~~~~~~~~~~~~~~~~~~~~~~~~~~~~~~~~~

dataset_size = 256.00 MB    numObjs = 2097152    numCoords = 16    numClusters = 16, block_size = 32


|-----------Transpose GPU Kmeans------------|

t_alloc: 285.608053 ms

t_alloc_gpu: 127.819061 ms

t_get_gpu: 60.835838 ms

GPU Time: 139.597178
CPU - GPU Transfers: 20.638466
CPU Time: 490.505219
nloops = 10  : total = 650.740862 ms
        -> t_loop_avg = 65.074086 ms
        -> t_loop_min = 64.926863 ms
        -> t_loop_max = 65.451860 ms

|-------------------------------------------|

Final cluster centers:
clusters[0] =   3.01   6.89   6.33   2.56   6.06   6.11   6.17   7.01   5.61   4.66   5.22   4.85   5.45   3.57   5.29   3.51
clusters[1] =   3.09   6.29   3.01   7.09   5.99   4.53   3.22   4.43   5.11   5.03   7.23   6.40   5.43   3.66   5.74   4.32
clusters[2] =   5.49   4.30   6.68   6.78   2.56   4.50   3.07   6.98   4.72   5.92   4.91   3.54   5.18   3.26   5.65   3.84
clusters[3] =   6.08   3.91   3.31   5.22   6.05   3.81   7.26   3.53   3.78   5.55   3.56   4.23   5.36   3.36   6.46   2.98
clusters[4] =   6.95   6.92   5.63   6.34   5.05   3.88   7.19   6.88   4.87   6.02   6.86   4.28   5.27   6.57   3.74   4.84
clusters[5] =   2.88   5.44   6.52   4.35   3.18   3.39   5.45   3.40   2.40   5.89   4.31   6.13   5.12   6.43   4.36   5.31
clusters[6] =   4.17   4.10   3.14   5.21   6.14   3.89   5.47   6.52   6.92   6.84   3.26   7.08   4.97   5.71   3.85   6.54
clusters[7] =   5.35   3.22   5.68   2.98   5.38   4.38   4.30   3.17   6.42   6.87   7.39   3.32   5.13   4.48   4.59   6.28
clusters[8] =   5.92   7.17   3.12   3.63   3.15   3.16   4.40   3.98   6.44   3.01   4.80   3.77   5.01   5.56   5.71   5.99
clusters[9] =   6.81   4.33   6.34   3.51   6.37   3.38   3.16   6.62   3.93   3.55   4.00   6.86   4.83   4.47   6.05   6.29
clusters[10] =   5.26   3.93   7.05   6.52   5.50   6.38   6.94   3.97   5.44   3.48   6.74   6.92   4.77   5.03   6.57   6.53
clusters[11] =   3.70   3.43   3.01   5.08   3.35   6.84   6.28   6.74   4.12   4.17   4.75   3.27   4.74   5.19   5.62   7.09
clusters[12] =   5.95   6.91   5.52   5.98   6.10   6.87   4.52   3.30   4.12   5.08   3.30   4.11   4.81   3.19   3.12   6.90
clusters[13] =   6.55   4.44   3.09   3.81   5.30   6.95   3.71   5.29   2.76   4.67   6.32   5.88   4.55   6.58   3.94   3.14
clusters[14] =   4.99   4.61   5.32   4.84   2.56   6.69   5.00   3.45   7.54   4.84   3.79   6.79   4.66   5.66   4.24   2.88
clusters[15] =   4.01   4.00   6.36   6.17   7.33   5.19   3.73   4.77   6.00   4.32   3.48   2.74   4.70   7.30   5.13   3.64

~~~~~~~~~~~~~~~~~~~~~~~~~~~~~~~~~~~~~~~~~~~~~~~~~~~~~~~~~~~~~~~~~~~~~~~~~~~~~~~~

dataset_size = 256.00 MB    numObjs = 2097152    numCoords = 16    numClusters = 16, block_size = 64


|-----------Transpose GPU Kmeans------------|

t_alloc: 286.366940 ms

t_alloc_gpu: 124.912977 ms

t_get_gpu: 60.736895 ms

GPU Time: 229.166508
CPU - GPU Transfers: 20.563364
CPU Time: 491.537809
nloops = 10  : total = 741.268873 ms
        -> t_loop_avg = 74.126887 ms
        -> t_loop_min = 73.747873 ms
        -> t_loop_max = 74.240208 ms

|-------------------------------------------|

Final cluster centers:
clusters[0] =   3.01   6.89   6.33   2.56   6.06   6.11   6.17   7.01   5.61   4.66   5.22   4.85   5.45   3.57   5.29   3.51
clusters[1] =   3.09   6.29   3.01   7.09   5.99   4.53   3.22   4.43   5.11   5.03   7.23   6.40   5.43   3.66   5.74   4.32
clusters[2] =   5.49   4.30   6.68   6.78   2.56   4.50   3.07   6.98   4.72   5.92   4.91   3.54   5.18   3.26   5.65   3.84
clusters[3] =   6.08   3.91   3.31   5.22   6.05   3.81   7.26   3.53   3.78   5.55   3.56   4.23   5.36   3.36   6.46   2.98
clusters[4] =   6.95   6.92   5.63   6.34   5.05   3.88   7.19   6.88   4.87   6.02   6.86   4.28   5.27   6.57   3.74   4.84
clusters[5] =   2.88   5.44   6.52   4.35   3.18   3.39   5.45   3.40   2.40   5.89   4.31   6.13   5.12   6.43   4.36   5.31
clusters[6] =   4.17   4.10   3.14   5.21   6.14   3.89   5.47   6.52   6.92   6.84   3.26   7.08   4.97   5.71   3.85   6.54
clusters[7] =   5.35   3.22   5.68   2.98   5.38   4.38   4.30   3.17   6.42   6.87   7.39   3.32   5.13   4.48   4.59   6.28
clusters[8] =   5.92   7.17   3.12   3.63   3.15   3.16   4.40   3.98   6.44   3.01   4.80   3.77   5.01   5.56   5.71   5.99
clusters[9] =   6.81   4.33   6.34   3.51   6.37   3.38   3.16   6.62   3.93   3.55   4.00   6.86   4.83   4.47   6.05   6.29
clusters[10] =   5.26   3.93   7.05   6.52   5.50   6.38   6.94   3.97   5.44   3.48   6.74   6.92   4.77   5.03   6.57   6.53
clusters[11] =   3.70   3.43   3.01   5.08   3.35   6.84   6.28   6.74   4.12   4.17   4.75   3.27   4.74   5.19   5.62   7.09
clusters[12] =   5.95   6.91   5.52   5.98   6.10   6.87   4.52   3.30   4.12   5.08   3.30   4.11   4.81   3.19   3.12   6.90
clusters[13] =   6.55   4.44   3.09   3.81   5.30   6.95   3.71   5.29   2.76   4.67   6.32   5.88   4.55   6.58   3.94   3.14
clusters[14] =   4.99   4.61   5.32   4.84   2.56   6.69   5.00   3.45   7.54   4.84   3.79   6.79   4.66   5.66   4.24   2.88
clusters[15] =   4.01   4.00   6.36   6.17   7.33   5.19   3.73   4.77   6.00   4.32   3.48   2.74   4.70   7.30   5.13   3.64

~~~~~~~~~~~~~~~~~~~~~~~~~~~~~~~~~~~~~~~~~~~~~~~~~~~~~~~~~~~~~~~~~~~~~~~~~~~~~~~~

dataset_size = 256.00 MB    numObjs = 2097152    numCoords = 16    numClusters = 16, block_size = 128


|-----------Transpose GPU Kmeans------------|

t_alloc: 287.357807 ms

t_alloc_gpu: 134.938002 ms

t_get_gpu: 61.416149 ms

GPU Time: 228.005171
CPU - GPU Transfers: 20.865679
CPU Time: 488.433361
nloops = 10  : total = 737.304211 ms
        -> t_loop_avg = 73.730421 ms
        -> t_loop_min = 73.591948 ms
        -> t_loop_max = 73.943138 ms

|-------------------------------------------|

Final cluster centers:
clusters[0] =   3.01   6.89   6.33   2.56   6.06   6.11   6.17   7.01   5.61   4.66   5.22   4.85   5.45   3.57   5.29   3.51
clusters[1] =   3.09   6.29   3.01   7.09   5.99   4.53   3.22   4.43   5.11   5.03   7.23   6.40   5.43   3.66   5.74   4.32
clusters[2] =   5.49   4.30   6.68   6.78   2.56   4.50   3.07   6.98   4.72   5.92   4.91   3.54   5.18   3.26   5.65   3.84
clusters[3] =   6.08   3.91   3.31   5.22   6.05   3.81   7.26   3.53   3.78   5.55   3.56   4.23   5.36   3.36   6.46   2.98
clusters[4] =   6.95   6.92   5.63   6.34   5.05   3.88   7.19   6.88   4.87   6.02   6.86   4.28   5.27   6.57   3.74   4.84
clusters[5] =   2.88   5.44   6.52   4.35   3.18   3.39   5.45   3.40   2.40   5.89   4.31   6.13   5.12   6.43   4.36   5.31
clusters[6] =   4.17   4.10   3.14   5.21   6.14   3.89   5.47   6.52   6.92   6.84   3.26   7.08   4.97   5.71   3.85   6.54
clusters[7] =   5.35   3.22   5.68   2.98   5.38   4.38   4.30   3.17   6.42   6.87   7.39   3.32   5.13   4.48   4.59   6.28
clusters[8] =   5.92   7.17   3.12   3.63   3.15   3.16   4.40   3.98   6.44   3.01   4.80   3.77   5.01   5.56   5.71   5.99
clusters[9] =   6.81   4.33   6.34   3.51   6.37   3.38   3.16   6.62   3.93   3.55   4.00   6.86   4.83   4.47   6.05   6.29
clusters[10] =   5.26   3.93   7.05   6.52   5.50   6.38   6.94   3.97   5.44   3.48   6.74   6.92   4.77   5.03   6.57   6.53
clusters[11] =   3.70   3.43   3.01   5.08   3.35   6.84   6.28   6.74   4.12   4.17   4.75   3.27   4.74   5.19   5.62   7.09
clusters[12] =   5.95   6.91   5.52   5.98   6.10   6.87   4.52   3.30   4.12   5.08   3.30   4.11   4.81   3.19   3.12   6.90
clusters[13] =   6.55   4.44   3.09   3.81   5.30   6.95   3.71   5.29   2.76   4.67   6.32   5.88   4.55   6.58   3.94   3.14
clusters[14] =   4.99   4.61   5.32   4.84   2.56   6.69   5.00   3.45   7.54   4.84   3.79   6.79   4.66   5.66   4.24   2.88
clusters[15] =   4.01   4.00   6.36   6.17   7.33   5.19   3.73   4.77   6.00   4.32   3.48   2.74   4.70   7.30   5.13   3.64

~~~~~~~~~~~~~~~~~~~~~~~~~~~~~~~~~~~~~~~~~~~~~~~~~~~~~~~~~~~~~~~~~~~~~~~~~~~~~~~~

dataset_size = 256.00 MB    numObjs = 2097152    numCoords = 16    numClusters = 16, block_size = 256


|-----------Transpose GPU Kmeans------------|

t_alloc: 286.087036 ms

t_alloc_gpu: 129.168034 ms

t_get_gpu: 60.658932 ms

GPU Time: 225.902796
CPU - GPU Transfers: 20.603657
CPU Time: 489.233255
nloops = 10  : total = 735.740900 ms
        -> t_loop_avg = 73.574090 ms
        -> t_loop_min = 73.388815 ms
        -> t_loop_max = 73.904037 ms

|-------------------------------------------|

Final cluster centers:
clusters[0] =   3.01   6.89   6.33   2.56   6.06   6.11   6.17   7.01   5.61   4.66   5.22   4.85   5.45   3.57   5.29   3.51
clusters[1] =   3.09   6.29   3.01   7.09   5.99   4.53   3.22   4.43   5.11   5.03   7.23   6.40   5.43   3.66   5.74   4.32
clusters[2] =   5.49   4.30   6.68   6.78   2.56   4.50   3.07   6.98   4.72   5.92   4.91   3.54   5.18   3.26   5.65   3.84
clusters[3] =   6.08   3.91   3.31   5.22   6.05   3.81   7.26   3.53   3.78   5.55   3.56   4.23   5.36   3.36   6.46   2.98
clusters[4] =   6.95   6.92   5.63   6.34   5.05   3.88   7.19   6.88   4.87   6.02   6.86   4.28   5.27   6.57   3.74   4.84
clusters[5] =   2.88   5.44   6.52   4.35   3.18   3.39   5.45   3.40   2.40   5.89   4.31   6.13   5.12   6.43   4.36   5.31
clusters[6] =   4.17   4.10   3.14   5.21   6.14   3.89   5.47   6.52   6.92   6.84   3.26   7.08   4.97   5.71   3.85   6.54
clusters[7] =   5.35   3.22   5.68   2.98   5.38   4.38   4.30   3.17   6.42   6.87   7.39   3.32   5.13   4.48   4.59   6.28
clusters[8] =   5.92   7.17   3.12   3.63   3.15   3.16   4.40   3.98   6.44   3.01   4.80   3.77   5.01   5.56   5.71   5.99
clusters[9] =   6.81   4.33   6.34   3.51   6.37   3.38   3.16   6.62   3.93   3.55   4.00   6.86   4.83   4.47   6.05   6.29
clusters[10] =   5.26   3.93   7.05   6.52   5.50   6.38   6.94   3.97   5.44   3.48   6.74   6.92   4.77   5.03   6.57   6.53
clusters[11] =   3.70   3.43   3.01   5.08   3.35   6.84   6.28   6.74   4.12   4.17   4.75   3.27   4.74   5.19   5.62   7.09
clusters[12] =   5.95   6.91   5.52   5.98   6.10   6.87   4.52   3.30   4.12   5.08   3.30   4.11   4.81   3.19   3.12   6.90
clusters[13] =   6.55   4.44   3.09   3.81   5.30   6.95   3.71   5.29   2.76   4.67   6.32   5.88   4.55   6.58   3.94   3.14
clusters[14] =   4.99   4.61   5.32   4.84   2.56   6.69   5.00   3.45   7.54   4.84   3.79   6.79   4.66   5.66   4.24   2.88
clusters[15] =   4.01   4.00   6.36   6.17   7.33   5.19   3.73   4.77   6.00   4.32   3.48   2.74   4.70   7.30   5.13   3.64

~~~~~~~~~~~~~~~~~~~~~~~~~~~~~~~~~~~~~~~~~~~~~~~~~~~~~~~~~~~~~~~~~~~~~~~~~~~~~~~~

dataset_size = 256.00 MB    numObjs = 2097152    numCoords = 16    numClusters = 16, block_size = 512


|-----------Transpose GPU Kmeans------------|

t_alloc: 286.021948 ms

t_alloc_gpu: 126.897097 ms

t_get_gpu: 60.723066 ms

GPU Time: 224.949837
CPU - GPU Transfers: 20.687342
CPU Time: 491.693020
nloops = 10  : total = 737.334967 ms
        -> t_loop_avg = 73.733497 ms
        -> t_loop_min = 73.657990 ms
        -> t_loop_max = 73.906898 ms

|-------------------------------------------|

Final cluster centers:
clusters[0] =   3.01   6.89   6.33   2.56   6.06   6.11   6.17   7.01   5.61   4.66   5.22   4.85   5.45   3.57   5.29   3.51
clusters[1] =   3.09   6.29   3.01   7.09   5.99   4.53   3.22   4.43   5.11   5.03   7.23   6.40   5.43   3.66   5.74   4.32
clusters[2] =   5.49   4.30   6.68   6.78   2.56   4.50   3.07   6.98   4.72   5.92   4.91   3.54   5.18   3.26   5.65   3.84
clusters[3] =   6.08   3.91   3.31   5.22   6.05   3.81   7.26   3.53   3.78   5.55   3.56   4.23   5.36   3.36   6.46   2.98
clusters[4] =   6.95   6.92   5.63   6.34   5.05   3.88   7.19   6.88   4.87   6.02   6.86   4.28   5.27   6.57   3.74   4.84
clusters[5] =   2.88   5.44   6.52   4.35   3.18   3.39   5.45   3.40   2.40   5.89   4.31   6.13   5.12   6.43   4.36   5.31
clusters[6] =   4.17   4.10   3.14   5.21   6.14   3.89   5.47   6.52   6.92   6.84   3.26   7.08   4.97   5.71   3.85   6.54
clusters[7] =   5.35   3.22   5.68   2.98   5.38   4.38   4.30   3.17   6.42   6.87   7.39   3.32   5.13   4.48   4.59   6.28
clusters[8] =   5.92   7.17   3.12   3.63   3.15   3.16   4.40   3.98   6.44   3.01   4.80   3.77   5.01   5.56   5.71   5.99
clusters[9] =   6.81   4.33   6.34   3.51   6.37   3.38   3.16   6.62   3.93   3.55   4.00   6.86   4.83   4.47   6.05   6.29
clusters[10] =   5.26   3.93   7.05   6.52   5.50   6.38   6.94   3.97   5.44   3.48   6.74   6.92   4.77   5.03   6.57   6.53
clusters[11] =   3.70   3.43   3.01   5.08   3.35   6.84   6.28   6.74   4.12   4.17   4.75   3.27   4.74   5.19   5.62   7.09
clusters[12] =   5.95   6.91   5.52   5.98   6.10   6.87   4.52   3.30   4.12   5.08   3.30   4.11   4.81   3.19   3.12   6.90
clusters[13] =   6.55   4.44   3.09   3.81   5.30   6.95   3.71   5.29   2.76   4.67   6.32   5.88   4.55   6.58   3.94   3.14
clusters[14] =   4.99   4.61   5.32   4.84   2.56   6.69   5.00   3.45   7.54   4.84   3.79   6.79   4.66   5.66   4.24   2.88
clusters[15] =   4.01   4.00   6.36   6.17   7.33   5.19   3.73   4.77   6.00   4.32   3.48   2.74   4.70   7.30   5.13   3.64

~~~~~~~~~~~~~~~~~~~~~~~~~~~~~~~~~~~~~~~~~~~~~~~~~~~~~~~~~~~~~~~~~~~~~~~~~~~~~~~~

dataset_size = 256.00 MB    numObjs = 2097152    numCoords = 16    numClusters = 16, block_size = 1024


|-----------Transpose GPU Kmeans------------|

t_alloc: 286.515951 ms

t_alloc_gpu: 130.379915 ms

t_get_gpu: 60.665131 ms

GPU Time: 142.788887
CPU - GPU Transfers: 20.647049
CPU Time: 491.723061
nloops = 10  : total = 655.159950 ms
        -> t_loop_avg = 65.515995 ms
        -> t_loop_min = 65.266848 ms
        -> t_loop_max = 65.766096 ms

|-------------------------------------------|

Final cluster centers:
clusters[0] =   3.01   6.89   6.33   2.56   6.06   6.11   6.17   7.01   5.61   4.66   5.22   4.85   5.45   3.57   5.29   3.51
clusters[1] =   3.09   6.29   3.01   7.09   5.99   4.53   3.22   4.43   5.11   5.03   7.23   6.40   5.43   3.66   5.74   4.32
clusters[2] =   5.49   4.30   6.68   6.78   2.56   4.50   3.07   6.98   4.72   5.92   4.91   3.54   5.18   3.26   5.65   3.84
clusters[3] =   6.08   3.91   3.31   5.22   6.05   3.81   7.26   3.53   3.78   5.55   3.56   4.23   5.36   3.36   6.46   2.98
clusters[4] =   6.95   6.92   5.63   6.34   5.05   3.88   7.19   6.88   4.87   6.02   6.86   4.28   5.27   6.57   3.74   4.84
clusters[5] =   2.88   5.44   6.52   4.35   3.18   3.39   5.45   3.40   2.40   5.89   4.31   6.13   5.12   6.43   4.36   5.31
clusters[6] =   4.17   4.10   3.14   5.21   6.14   3.89   5.47   6.52   6.92   6.84   3.26   7.08   4.97   5.71   3.85   6.54
clusters[7] =   5.35   3.22   5.68   2.98   5.38   4.38   4.30   3.17   6.42   6.87   7.39   3.32   5.13   4.48   4.59   6.28
clusters[8] =   5.92   7.17   3.12   3.63   3.15   3.16   4.40   3.98   6.44   3.01   4.80   3.77   5.01   5.56   5.71   5.99
clusters[9] =   6.81   4.33   6.34   3.51   6.37   3.38   3.16   6.62   3.93   3.55   4.00   6.86   4.83   4.47   6.05   6.29
clusters[10] =   5.26   3.93   7.05   6.52   5.50   6.38   6.94   3.97   5.44   3.48   6.74   6.92   4.77   5.03   6.57   6.53
clusters[11] =   3.70   3.43   3.01   5.08   3.35   6.84   6.28   6.74   4.12   4.17   4.75   3.27   4.74   5.19   5.62   7.09
clusters[12] =   5.95   6.91   5.52   5.98   6.10   6.87   4.52   3.30   4.12   5.08   3.30   4.11   4.81   3.19   3.12   6.90
clusters[13] =   6.55   4.44   3.09   3.81   5.30   6.95   3.71   5.29   2.76   4.67   6.32   5.88   4.55   6.58   3.94   3.14
clusters[14] =   4.99   4.61   5.32   4.84   2.56   6.69   5.00   3.45   7.54   4.84   3.79   6.79   4.66   5.66   4.24   2.88
clusters[15] =   4.01   4.00   6.36   6.17   7.33   5.19   3.73   4.77   6.00   4.32   3.48   2.74   4.70   7.30   5.13   3.64

~~~~~~~~~~~~~~~~~~~~~~~~~~~~~~~~~~~~~~~~~~~~~~~~~~~~~~~~~~~~~~~~~~~~~~~~~~~~~~~~

dataset_size = 256.00 MB    numObjs = 2097152    numCoords = 16    numClusters = 16, block_size = 32


|-----------Shared GPU Kmeans------------|

t_alloc: 472.790956 ms

t_alloc_gpu: 149.782896 ms

t_get_gpu: 61.735868 ms

GPU Time: 183.680058
CPU - GPU Transfers: 20.636082
CPU Time: 484.916925
nloops = 10  : total = 689.235926 ms
        -> t_loop_avg = 68.923593 ms
        -> t_loop_min = 68.802834 ms
        -> t_loop_max = 69.092035 ms

|-------------------------------------------|

Final cluster centers:
clusters[0] =   3.01   6.89   6.33   2.56   6.06   6.11   6.17   7.01   5.61   4.66   5.22   4.85   5.45   3.57   5.29   3.51
clusters[1] =   3.09   6.29   3.01   7.09   5.99   4.53   3.22   4.43   5.11   5.03   7.23   6.40   5.43   3.66   5.74   4.32
clusters[2] =   5.49   4.30   6.68   6.78   2.56   4.50   3.07   6.98   4.72   5.92   4.91   3.54   5.18   3.26   5.65   3.84
clusters[3] =   6.08   3.91   3.31   5.22   6.05   3.81   7.26   3.53   3.78   5.55   3.56   4.23   5.36   3.36   6.46   2.98
clusters[4] =   6.95   6.92   5.63   6.34   5.05   3.88   7.19   6.88   4.87   6.02   6.86   4.28   5.27   6.57   3.74   4.84
clusters[5] =   2.88   5.44   6.52   4.35   3.18   3.39   5.45   3.40   2.40   5.89   4.31   6.13   5.12   6.43   4.36   5.31
clusters[6] =   4.17   4.10   3.14   5.21   6.14   3.89   5.47   6.52   6.92   6.84   3.26   7.08   4.97   5.71   3.85   6.54
clusters[7] =   5.35   3.22   5.68   2.98   5.38   4.38   4.30   3.17   6.42   6.87   7.39   3.32   5.13   4.48   4.59   6.28
clusters[8] =   5.92   7.17   3.12   3.63   3.15   3.16   4.40   3.98   6.44   3.01   4.80   3.77   5.01   5.56   5.71   5.99
clusters[9] =   6.81   4.33   6.34   3.51   6.37   3.38   3.16   6.62   3.93   3.55   4.00   6.86   4.83   4.47   6.05   6.29
clusters[10] =   5.26   3.93   7.05   6.52   5.50   6.38   6.94   3.97   5.44   3.48   6.74   6.92   4.77   5.03   6.57   6.53
clusters[11] =   3.70   3.43   3.01   5.08   3.35   6.84   6.28   6.74   4.12   4.17   4.75   3.27   4.74   5.19   5.62   7.09
clusters[12] =   5.95   6.91   5.52   5.98   6.10   6.87   4.52   3.30   4.12   5.08   3.30   4.11   4.81   3.19   3.12   6.90
clusters[13] =   6.55   4.44   3.09   3.81   5.30   6.95   3.71   5.29   2.76   4.67   6.32   5.88   4.55   6.58   3.94   3.14
clusters[14] =   4.99   4.61   5.32   4.84   2.56   6.69   5.00   3.45   7.54   4.84   3.79   6.79   4.66   5.66   4.24   2.88
clusters[15] =   4.01   4.00   6.36   6.17   7.33   5.19   3.73   4.77   6.00   4.32   3.48   2.74   4.70   7.30   5.13   3.64

~~~~~~~~~~~~~~~~~~~~~~~~~~~~~~~~~~~~~~~~~~~~~~~~~~~~~~~~~~~~~~~~~~~~~~~~~~~~~~~~

dataset_size = 256.00 MB    numObjs = 2097152    numCoords = 16    numClusters = 16, block_size = 64


|-----------Shared GPU Kmeans------------|

t_alloc: 474.313974 ms

t_alloc_gpu: 133.033037 ms

t_get_gpu: 61.831951 ms

GPU Time: 255.443573
CPU - GPU Transfers: 20.687103
CPU Time: 485.546589
nloops = 10  : total = 761.684179 ms
        -> t_loop_avg = 76.168418 ms
        -> t_loop_min = 76.061010 ms
        -> t_loop_max = 76.442957 ms

|-------------------------------------------|

Final cluster centers:
clusters[0] =   3.01   6.89   6.33   2.56   6.06   6.11   6.17   7.01   5.61   4.66   5.22   4.85   5.45   3.57   5.29   3.51
clusters[1] =   3.09   6.29   3.01   7.09   5.99   4.53   3.22   4.43   5.11   5.03   7.23   6.40   5.43   3.66   5.74   4.32
clusters[2] =   5.49   4.30   6.68   6.78   2.56   4.50   3.07   6.98   4.72   5.92   4.91   3.54   5.18   3.26   5.65   3.84
clusters[3] =   6.08   3.91   3.31   5.22   6.05   3.81   7.26   3.53   3.78   5.55   3.56   4.23   5.36   3.36   6.46   2.98
clusters[4] =   6.95   6.92   5.63   6.34   5.05   3.88   7.19   6.88   4.87   6.02   6.86   4.28   5.27   6.57   3.74   4.84
clusters[5] =   2.88   5.44   6.52   4.35   3.18   3.39   5.45   3.40   2.40   5.89   4.31   6.13   5.12   6.43   4.36   5.31
clusters[6] =   4.17   4.10   3.14   5.21   6.14   3.89   5.47   6.52   6.92   6.84   3.26   7.08   4.97   5.71   3.85   6.54
clusters[7] =   5.35   3.22   5.68   2.98   5.38   4.38   4.30   3.17   6.42   6.87   7.39   3.32   5.13   4.48   4.59   6.28
clusters[8] =   5.92   7.17   3.12   3.63   3.15   3.16   4.40   3.98   6.44   3.01   4.80   3.77   5.01   5.56   5.71   5.99
clusters[9] =   6.81   4.33   6.34   3.51   6.37   3.38   3.16   6.62   3.93   3.55   4.00   6.86   4.83   4.47   6.05   6.29
clusters[10] =   5.26   3.93   7.05   6.52   5.50   6.38   6.94   3.97   5.44   3.48   6.74   6.92   4.77   5.03   6.57   6.53
clusters[11] =   3.70   3.43   3.01   5.08   3.35   6.84   6.28   6.74   4.12   4.17   4.75   3.27   4.74   5.19   5.62   7.09
clusters[12] =   5.95   6.91   5.52   5.98   6.10   6.87   4.52   3.30   4.12   5.08   3.30   4.11   4.81   3.19   3.12   6.90
clusters[13] =   6.55   4.44   3.09   3.81   5.30   6.95   3.71   5.29   2.76   4.67   6.32   5.88   4.55   6.58   3.94   3.14
clusters[14] =   4.99   4.61   5.32   4.84   2.56   6.69   5.00   3.45   7.54   4.84   3.79   6.79   4.66   5.66   4.24   2.88
clusters[15] =   4.01   4.00   6.36   6.17   7.33   5.19   3.73   4.77   6.00   4.32   3.48   2.74   4.70   7.30   5.13   3.64

~~~~~~~~~~~~~~~~~~~~~~~~~~~~~~~~~~~~~~~~~~~~~~~~~~~~~~~~~~~~~~~~~~~~~~~~~~~~~~~~

dataset_size = 256.00 MB    numObjs = 2097152    numCoords = 16    numClusters = 16, block_size = 128


|-----------Shared GPU Kmeans------------|

t_alloc: 471.742868 ms

t_alloc_gpu: 153.512955 ms

t_get_gpu: 62.604904 ms

GPU Time: 256.404161
CPU - GPU Transfers: 20.536184
CPU Time: 484.608412
nloops = 10  : total = 761.551857 ms
        -> t_loop_avg = 76.155186 ms
        -> t_loop_min = 75.948000 ms
        -> t_loop_max = 76.370001 ms

|-------------------------------------------|

Final cluster centers:
clusters[0] =   3.01   6.89   6.33   2.56   6.06   6.11   6.17   7.01   5.61   4.66   5.22   4.85   5.45   3.57   5.29   3.51
